122.192693 39.231201
122.104121 39.294075
122.008759 39.49523
122.062291 39.862732
122.188918 40.113789
122.532711 40.483776
122.834198 40.795169
122.457405 40.968302
122.237165 41.015511
121.922512 40.881722
121.466316 40.795168
121.167406 40.527616
120.78985 40.18136
120.412293 40.03971
119.861695 39.787894
119.358283 39.724937
118.84996 39.8183
118.014765 40.081072
117.50899 40.145397
116.984347 40.265555
116.691888 40.347025
116.49873 40.459712
116.238593 40.482584
115.533819 40.722903
115.209754 40.79187
114.764239 40.872562
114.510882 40.787659
114.09798 40.718464
113.799433 40.653827
113.312519 40.686198
112.897416 40.793173
112.639011 40.792711
112.24921 40.845508
112.06338 40.977458
111.839093 40.959536
111.56508 40.884822
111.269906 40.747606
110.564865 40.652774
110.137449 40.635909
110.06279 40.730787
109.193565 41.002376
108.739902 41.302474
108.09655 41.273669
107.772012 41.362842
107.482595 41.346088
107.066543 41.492127
106.51905 41.742366
106.175925 41.949878
106.018324 42.236392
105.892348 42.433713
105.662784 42.645422
105.469612 42.828356
>
138.122657 37.148947
137.751623 37.025661
137.083478 36.77065
136.525372 36.433726
136.239902 36.274435
135.817301 36.097126
135.274181 36.005267
134.787609 35.846651
134.089548 35.780471
132.927644 35.465063
132.12679 34.958431
131.169141 34.426773
130.240448 33.807383
129.734496 33.613478
129.214694 32.644326
129.02728 32.264201
128.653274 30.995072
128.382169 30.421899
127.547482 29.353709
127.49204 29.253748
127.291143 28.906056
127.000305 28.592355
126.553202 27.860962
125.533711 26.646375
125.121253 26.351861
124.481771 26.036963
123.051155 25.664906
121.271867 25.43039
>
122.720499 29.816346
121.583421 29.977445
120.594481 30.077844
120.063571 30.208098
119.518282 30.532586
118.979016 30.70645
118.264681 30.905687
117.579184 31.069135
117.239251 31.193081
116.565766 31.334947
116.125595 31.563461
115.75041 31.794323
115.353621 31.882416
114.640252 31.876974
113.963338 32.112551
113.510329 32.334949
112.994709 32.647354
112.594581 32.962959
112.539235 32.981019
111.649256 33.401012
111.281577 33.698189
110.687823 33.965217
110.017373 34.171116
109.798541 34.491232
109.505318 34.708768
108.701266 34.659504
108.411157 34.53977
107.863702 34.53169
107.415079 34.651591
107.059196 34.755869
106.931042 34.878913
106.873806 34.908366
106.609446 35.073983
106.461298 35.250332
106.366671 35.820458
106.392676 36.333633
106.35056 36.74031
106.388022 37.262729
106.427107 37.87166
106.385594 38.287998
106.686188 38.655368
106.974526 39.168613
107.048013 39.538123
106.956605 39.754127
106.96021 40.169399
107.084832 40.421566
107.583828 40.725027
108.31567 40.56776
109.087858 40.484928
109.724986 40.33498
110.598167 40.298525
111.38933 40.163354
111.84417 40.091534
112.149683 40.153135
112.339735 40.149905
112.669308 40.061473
112.889349 40.021623
113.066233 40.001959
113.10407 39.703971
113.470053 39.592941
113.762931 39.77654
114.079186 39.790642
114.197411 39.749425
114.665522 39.829986
114.874353 39.921664
115.22536 40.132473
115.390635 40.219994
115.582718 40.244316
116.015569 40.189183
116.399551 40.006742
116.665222 39.880514
116.803577 39.713816
116.884767 39.56848
117.012582 39.420619
117.260225 39.219018
117.589067 39.05928
117.70782 38.88285
117.832697 38.697323
118.093371 38.493515
118.30716 38.365293
118.597374 38.21083
118.76796 38.063499
118.908335 37.88641
118.939866 37.684924
119.111762 37.442309
119.380481 37.371104
119.619076 37.385564
119.879329 37.471555
120.034914 37.449397
120.453773 37.637873
120.718292 37.743003
121.258568 37.739464
121.749873 37.574014
122.276245 37.480956
>
69.5485 38.6891
70.0832 38.9967
70.7432 39.1906
71.703 39.503
72.4901 39.6602
73.428 39.7572
73.8013 39.8248
74.2186 39.8057
74.5242 39.7364
74.5517 39.7217
74.9651 39.6227
75.2438 39.5334
75.6001 39.4161
75.7362 39.2682
75.7801 38.9595
75.9129 38.6802
76.2339 38.4606
76.3567 38.0864
76.5385 37.7187
76.6664 37.327
76.8143 37.2505
77.0901 37.278
77.9089 37.2594
78.4353 37.1386
78.8564 37.0736
79.3126 37.0179
79.5699 36.9436
79.8741 36.9157
80.225 36.8229
80.5713 36.7932
80.8093 36.6583
80.8743 36.502
81.0044 36.3471
81.3552 36.3669
81.7028 36.4861
82.2689 36.6527
82.7786 36.6919
83.484 36.9879
83.741 37.1321
84.6519 37.3167
84.9808 37.4153
85.5632 37.6336
85.9098 37.6959
86.4245 37.9466
86.7286 38.1417
87.0327 38.2717
87.4421 38.411
87.8632 38.5503
88.0387 38.6618
88.1907 38.7546
88.4949 38.8939
88.8575 38.9961
89.3604 38.9868
89.688 39.0704
90.0216 39.1781
90.5185 39.2933
90.9512 39.2747
91.384 39.2654
91.8285 39.2654
92.3872 39.2572
92.7766 39.3368
93.0917 39.396
93.3697 39.449
93.653 39.4888
94.0578 39.5242
94.7385 39.6305
95.116 39.6934
95.525 39.7879
96.0442 39.8508
96.5318 39.961
96.9612 40.0089
97.4963 40.0176
97.8374 40.0643
98.3007 40.0399
99.3254 39.8979
99.5882 39.7202
99.9383 39.6087
100.293 39.3808
100.784 39.2442
101.353 38.9306
101.672 38.8619
101.917 38.6688
102.463 38.2297
102.565 38.0493
102.746 37.852
102.95 37.7418
103.312 37.6474
103.642 37.5215
103.952 37.4398
104.29 37.4005
104.754 37.3886
105.343 37.4144
105.769 37.7509
105.77 37.9041
105.741 38.0387
105.66 38.3594
105.749 39.0287
105.959 39.3687
105.871 39.7899
105.844 40.4188
105.59 41.1803
105.387 41.8685
105.127 42.5869
105.013284 42.770804
>
69.5793 38.6909
71.0551 39.0469
71.637 39.1868
72.0036 39.239
72.7175 39.3046
73.2184 39.3397
73.7915 39.2747
74.1191 39.2376
74.4817 39.0425
74.7858 38.9032
75.0431 38.7825
75.125 38.3924
75.1952 37.473
75.4642 37.278
76.0608 36.6557
76.3181 36.6743
76.7275 36.5814
77.02 36.5535
77.7452 36.4792
78.0844 36.4514
78.5757 36.3306
78.9968 36.2192
79.4062 36.1635
79.7454 35.987
80.1431 36.0149
80.6929 35.9127
81.1607 35.922
81.566 36.0306
81.8394 36.1039
82.0965 36.1728
82.3655 36.2099
83.0323 36.2842
83.6756 36.6743
84.3451 36.8852
84.7295 37.0418
85.2745 37.1822
85.43 37.2507
85.9979 37.5164
86.4705 37.6936
87.3742 37.8773
87.8612 38.0272
88.1458 38.1627
88.1438 38.1704
88.6871 38.2329
89.0433 38.2261
89.7217 38.3617
90.1861 38.4958
90.4889 38.6308
91.1298 38.7446
91.7963 38.956
92.2624 39.0509
93.1881 39.2969
93.73 39.398
94.2164 39.4539
94.7278 39.4937
95.1003 39.3944
95.3034 39.3354
95.588 39.2528
95.8397 39.0481
96.17 38.8278
96.4846 38.6232
96.9881 38.4658
97.5229 38.4186
98.0735 38.3871
98.3446 38.3602
98.5904 38.3164
98.8095 38.2466
99.0422 38.1835
99.4172 38.1135
99.7402 38.0971
100.026 38.0773
100.496 38.0251
100.842 37.8677
101.267 37.7103
101.546 37.6229
101.883 37.4885
102.577 37.3026
102.713 37.2703
102.84 37.2211
102.954 37.1514
103.024 37.0482
103.223 36.7577
103.419 36.3468
103.583 35.952
103.806 35.5351
103.897 35.1086
103.929 34.4078
103.844 33.8372
103.789 33.4883
103.804 33.2424
103.655 32.7546
103.685 32.4728
103.735 32.1886
103.635 31.8745
103.602 31.5552
103.415 31.2486
103.263 30.9436
102.898 30.7125
102.65 30.4376
102.526 30.2435
102.316 30.0254
102.258 29.9009
102.152 29.5711
102.3 29.0719
102.268 28.9177
102.227 28.7105
102.177 28.4109
102.155 28.1814
102.21 27.9598
102.472 27.613
102.633 27.1967
102.718 26.8386
102.654 26.5652
102.676 25.8091
102.722137 25.430587
102.676 25.17
102.615 24.8457
102.574 24.5797
102.446 24.0451
102.412 23.7416
102.283442 23.597919
>
100.566 25.2172
100.602 25.6439
100.629 26.0909
100.728 26.6824
100.648375 26.939413
100.523541 27.166237
100.208672 27.370824
99.769 27.6975
99.5603 27.8954
99.4434 28.0091
99.0925 28.247
98.741372 28.53475
98.297 28.5675
97.806857 28.591376
>
112.577 32.9633
112.539 32.981
111.884 33.1949
111.17 33.4662
110.541 33.6893
109.873 33.8653
109.304 33.9445
108.614 33.9962
107.783 34.1307
107.152 34.3478
106.158 34.5029
105.795 34.3892
105.046 34.0893
104.824 34.0272
104.695 33.8825
104.698 33.6552
104.707 33.4689
104.704 33.2298
104.497 32.9312
104.387 32.5599
104.305 32.3147
104.25 31.9108
104.221 31.7284
103.987 31.3863
103.71 31.0677
103.402 30.804
103.334 30.7534
103.095 30.459
103.092 30.4562
102.995 30.2938
102.969 30.1803
102.981 30.0862
103.02 30.0007
103.199 29.7672
103.308 29.3749
103.505 29.247
103.63 29.0416
103.727 28.8792
103.744 28.6836
103.747 28.6026
103.88 28.3897
103.887 28.2633
103.896 28.1052
103.8 27.9962
103.614 27.8747
103.513 27.7572
103.283 27.5242
103.077 27.3106
102.986 27.0906
102.996 26.848
103.101 26.4781
103.16751 26.235591
103.28147 25.933158
103.303105 25.506195
103.214 25.2113
103.161827 24.932463
103.202 24.4112
103.152 23.992
103.262 23.7492
103.396 23.5339
103.54 23.1635
103.691 22.9725
103.837 22.7682
>
99.334665 28.073534
99.531083 27.784511
99.704966 27.459954
99.962539 26.979449
100.022435 26.747536
99.927085 26.412436
99.889748 26.156507
100.085343 25.891809
100.238806 25.54853
100.567527 25.225541
100.916767 24.886902
101.161233 24.647859
101.463909 24.30922
101.754951 23.940698
102.080921 23.661816
102.558194 23.462618
102.977292 23.323177
103.396389 23.133938
103.652479 22.944693
103.92025 22.655852
104.187998 22.396894
104.595628 21.981666
105.337699 21.251517
105.783467 20.861857
106.063034 20.602788
>
142.316 55.5901
139.852 55.5087
137.181 55.3518
134.903 55.0139
132.805 54.5976
131.267 54.5713
129.374 55.068
127.816 55.4527
125.076 55.7606
123.268 56.3211
121.321 56.8101
119.035 56.836
117.048 56.9071
115.583 56.844
113.199 56.7586
111.299 56.2706
110.643 56.0241
110.051 55.7702
109.374 55.2625
108.506 54.5299
108.103 53.9318
107.338 53.3887
106.405 52.84
105.714 52.2652
105.152 51.9268
103.82 51.7619
102.991 51.96
101.847 52.6395
101.836 52.6508
100.24 53.7959
98.7178 53.9651
97.3928 54.1344
95.9269 54.1908
94.8274 53.5703
93.9253 53.0626
92.5157 52.7805
90.9088 52.4139
89.5838 52.16
88.6253 51.9626
86.8774 51.7934
85.0168 51.737
84.0301 51.2011
83.3817 50.5242
83.3817 49.3396
83.2125 48.5217
83.0716 47.6191
82.009 47.1852
81.9241 46.6416
81.1432 46.0285
80.3764 45.7239
78.5915 45.3367
77.043 44.697
75.8985 44.1897
74.2693 43.7044
73.1922 43.2412
71.7515 42.9324
70.7687 42.9324
69.88 42.5574
69.2336 41.984
67.968 41.6972
66.8639 41.3553
65.4098 41.1348
64.3192 40.7487
62.892 40.3572
>
138.408477 37.445776
137.8262 37.456832
136.48994 37.395593
135.514564 37.26968
134.350445 37.190986
133.018376 37.213101
132.132292 37.222465
131.125467 37.490028
130.157859 37.755833
128.826209 38.030806
127.28698 38.371401
126.099183 38.525718
125.381327 38.711848
124.925805 38.741462
124.423629 38.80894
123.946807 38.871948
123.497663 38.944321
123.057556 39.021204
122.612017 39.12467
122.192693 39.231201
>
122.276245 37.480956
122.720733 37.542991
123.432757 37.710371
123.936158 37.867758
124.54969 37.914972
125.304803 37.899236
126.610526 37.741844
127.444297 37.537243
128.498308 37.364115
129.426475 37.143772
130.622066 36.844736
131.91203 36.608653
133.044722 36.624393
134.350445 36.482743
135.325774 36.608653
136.293108 36.817281
136.80561 36.925627
137.901922 37.144236
138.163522 37.187102
>
121.271867 25.43039
120.088898 25.201924
119.66638 24.97068
119.011295 24.667391
118.344884 24.314863
117.699926 24.02535
117.167477 23.549368
116.484434 23.152726
114.902751 22.627416
113.031752 21.882807
112.514035 21.533457
112.026765 21.104511
111.429485 20.469879
110.733404 20.073715
109.857491 19.788544
109.242452 19.713185
108.415809 19.727332
107.460975 19.850043
106.614045 20.19695
106.071176 20.595005
>
105.007684 42.779025
104.970898 42.940792
104.965692 43.216832
104.940496 43.288772
104.895701 43.393599
104.205 45.0756
103.389 46.7612
102.938 47.4037
102.687 47.826
102.643 48.3073
102.742 48.8242
102.887 49.3664
103.03 50.0161
103.254 50.2942
103.652 51.1029
103.97 51.5636
103.969 51.5685
103.144 51.7086
102.496 51.6263
101.833 51.6689
101.354 51.7827
100.774 51.8009
100.15 51.8835
98.7299 51.9716
97.1673 51.9062
95.8423 51.878
93.9535 51.7652
93.3615 51.7088
91.9237 51.737
91.529 51.6242
91.0216 51.3703
90.1758 51.1165
89.1891 51.0037
87.7514 50.5806
86.5391 50.1575
85.588 49.8025
84.6503 49.4524
84.4505 48.6369
84.2301 47.7371
83.5867 47.304
82.8974 46.8399
82.0402 46.0414
81.4476 45.4892
80.6643 45.2369
78.5542 44.7411
77.3848 44.3472
76.5162 43.9203
75.3328 43.4265
74.2996 43.251
72.3823 42.6723
71.4237 42.5758
70.6811 42.324
69.8668 41.7696
68.5828 41.449
67.6226 41.1039
66.4105 40.9064
65.3774 40.6573
64.4466 40.4328
63.253 40.1449
>
142.358 55.2061
140.875 55.0968
139.335 55.1028
136.955 54.8396
134.77 54.4882
133.111 54.1243
131.941 54.0982
130.744 54.161
130.192 54.3708
128.083 54.9673
126.738 55.1191
123.887 55.4007
122.743 55.9227
120.732 56.2263
119.489 56.3951
118.024 56.176
116.754 55.9628
116.249 55.8608
115.731 55.8234
115.779 55.8217
114.636 55.7247
113.7 55.6683
112.899 55.5107
112.476 55.2247
111.912 54.9486
111.326 54.5359
110.56 54.1643
110.186 53.721
109.451 53.3366
108.412 53.1923
108.134 52.8851
107.185 52.518
106.919 52.2786
106.845 51.9833
106.31 51.9377
105.823 51.6804
105.561 51.6096
104.957 51.4641
104.957 51.4641
104.465 51.1819
104.107 50.8778
103.69 50.3864
103.394 49.7826
103.199 48.7696
103.172 48.1958
103.465 47.2353
103.775 46.6714
104.103 46.3136
104.437 45.478
104.842 44.5126
105.264 43.4509
105.377228 43.107894
105.469612 42.830411
>
127.493639 29.257467
126.93748 29.286183
126.232692 29.370798
125.147432 29.566941
124.313421 29.683686
123.755064 29.739674
123.255167 29.768315
122.720499 29.816346
>
69.548541 38.689074
68.500478 38.085927
66.685962 37.092519
66.313361 36.827268
>
120.931369 25.306398
120.063161 24.36599
118.914701 22.164059
118.354038 18.838225
118.521717 17.16384
118.269321 15.168339
>
106.08303 20.574253
106.479302 20.125713
107.097659 18.521411
107.881458 17.374571
109.477208 15.860744
110.037068 15.057956
>
114.702272 39.846527
114.625048 39.795857
114.488727 39.726799
114.384838 39.64425
114.289105 39.413902
113.758026 39.307296
113.590087 39.226012
113.192089 39.113497
112.873577 38.912144
113.014813 38.773894
113.182995 38.639838
112.93582 38.419675
112.68116 38.093789
112.671202 37.811707
112.837339 37.525855
112.316658 37.254099
112.02247 36.989158
111.808348 36.673359
111.80033 36.32987
111.920004 36.070363
111.866408 35.801146
111.814888 35.605504
111.561903 35.449363
111.210283 35.051773
111.377159 34.850532
111.048024 34.548676
110.532897 34.569672
110.024872 34.576795
109.818914 34.454815
>
116.914743 31.266065
116.948408 31.32347
117.021836 31.439268
117.161462 31.678102
117.357531 32.036796
117.530156 32.285423
117.708485 32.582802
117.791965 32.824323
117.849367 33.104455
117.958067 33.590838
118.037562 34.078871
118.141191 34.49116
118.266468 34.803274
118.417659 35.347603
118.549967 35.843729
118.742624 36.298614
118.874672 36.622035
119.019336 36.907525
119.264738 37.222631
119.367421 37.372025
>
120.683399 37.717382
120.607697 37.661235
120.188338 37.300431
119.885102 37.065256
119.480493 36.381041
119.180108 36.119735
118.906132 35.65881
118.755972 35.299698
118.611839 35.124877
118.507567 34.737665
118.387925 34.486976
118.26016 33.854462
118.17829 33.354205
118.049891 32.832095
117.918923 32.420947
117.596983 31.873537
117.437616 31.599343
117.25409 31.375824
117.14749 31.213023
>
142.245422 52.329272
141.709806 52.019016
141.34331 51.934408
141.145966 51.821592
140.751278 51.65236
140.28072 51.369583
139.803009 51.267074
139.313856 51.179025
138.742513 51.039428
138.324557 50.829015
137.800846 50.691169
137.245777 50.426118
136.980209 50.317385
136.438282 50.114261
135.873853 49.992517
135.000361 49.726574
134.594056 49.639232
134.308459 49.556952
133.954804 49.446507
133.599081 49.219131
133.342443 48.936859
132.580093 48.631354
132.154813 48.452279
131.617303 47.981216
131.201122 47.748325
130.930561 47.429836
130.598451 47.14601
130.229728 46.854597
129.959996 46.511021
129.682466 46.321111
129.339992 45.962448
128.957921 45.710397
128.451353 45.322762
128.045752 45.022344
127.757394 44.744377
127.409179 44.574383
126.996321 44.42428
126.429365 44.065828
126.346137 43.862636
125.92862 43.660934
125.521582 43.494671
125.244085 43.188341
124.831909 42.809264
124.462479 42.362916
123.994489 41.827151
123.591375 41.507925
122.928531 40.853604
122.688856 40.64106
>
142.651951 53.228128
141.568846 52.583112
141.033198 52.272856
140.425853 51.808238
139.76283 51.522807
139.570358 51.468294
139.047182 51.417164
138.603995 51.225046
138.103893 50.950671
137.929935 50.875918
136.850025 50.539399
135.702647 50.057161
134.890797 49.862708
134.089085 49.678353
133.534697 49.345183
132.980847 48.996258
132.344126 48.779708
131.6551 48.38936
131.304346 47.992907
130.581905 47.516616
130.216742 47.107791
129.960818 46.906366
129.63162 46.44856
129.051845 45.995788
128.827926 45.804598
128.374824 45.466821
127.909475 45.144776
127.423286 44.722074
126.684141 44.344094
125.913404 43.879674
124.96877 43.315307
124.435697 42.805668
123.856997 42.227468
123.359359 41.712691
123.05086 41.43914
122.690887 41.083424
122.350761 40.993188
>
124.310599 42.701799
123.621079 42.701799
122.851172 42.743723
122.57899 42.730256
122.306912 42.716254
122.101397 42.670077
121.799304 42.580425
121.563307 42.561911
121.297661 42.468188
121.017037 42.388106
120.829018 42.325931
120.637543 42.238075
120.418748 42.203525
120.112143 42.175187
119.8199 42.119451
119.549087 42.087317
119.281812 42.080108
119.065779 42.056141
118.782633 42.061859
118.443626 42.044802
118.123828 42.038599
117.911128 42.038296
117.576489 42.057324
117.225333 42.08922
116.909152 42.118434
116.64449 42.131592
116.416179 42.155341
116.166765 42.141227
116.007852 42.148322
115.757522 42.120701
115.556388 42.039416
115.305673 41.998212
115.108108 41.954576
114.84291 41.951485
114.68347 41.944277
114.415984 41.902058
114.134136 41.910934
113.887463 41.918224
113.623118 41.925541
113.29054 41.985176
113.010921 42.05562
112.746483 42.074022
112.51636 42.065701
112.179531 42.033183
111.878313 41.999351
111.648248 41.976793
111.453097 41.927911
111.240148 41.853361
111.063215 41.803767
110.85194 41.805292
110.570126 41.794039
110.37661 41.820308
110.182954 41.846304
109.971514 41.923151
109.759581 42.012463
109.600517 42.037691
109.38855 42.036952
109.159374 41.997433
108.93026 41.970315
108.70109 41.955595
108.524406 41.966623
108.243347 41.912226
107.787733 41.816224
107.595782 41.761889
107.353728 41.642426
107.164068 41.549188
107.077927 41.509046
>
109.289666 34.689844
109.555792 34.709784
109.771633 34.808561
110.034452 34.931499
110.32951 35.152005
110.455405 35.446206
110.518952 35.630061
110.707378 35.739565
111.067106 35.736957
111.320864 35.943151
111.485626 36.358545
111.535351 36.480656
111.647705 36.565128
111.700796 36.822107
111.690596 37.07992
111.758462 37.263048
111.986852 37.45601
112.329729 37.683369
112.493705 37.790733
112.436944 38.025002
112.571637 38.19421
112.529362 38.379156
112.486069 38.539564
112.608525 38.794951
112.616229 39.015787
112.537954 39.115558
112.309404 39.182186
112.308116 39.393406
112.497467 39.43165
112.725421 39.438197
112.73931 39.602216
112.824486 39.7729
113.043345 39.878604
113.053748 39.959061
>
87.610382 50.524184
88.021595 50.3143
88.559879 50.108303
88.998509 49.959457
89.324996 49.915065
89.972047 49.965458
90.441578 50.065223
90.842142 50.171682
91.204633 50.237249
91.597616 50.145111
92.3254 49.891817
92.968581 49.715437
93.451602 49.755577
94.095786 49.478449
94.901857 49.370771
95.686261 49.283115
96.239507 49.284694
97.187031 49.217205
98.102566 49.204721
99.082369 49.254734
99.835977 49.295561
100.477515 49.325382
100.997308 49.35605
101.30777 49.461991
101.974697 49.414494
102.502097 49.429091
102.879095 49.370464
>
104.969061 42.961313
104.710702 43.186444
103.885252 43.721638
103.099761 44.25511
102.723961 44.48432
102.179921 44.667203
101.458843 44.860819
100.494244 45.023423
99.283362 45.124054
98.035942 45.199077
96.508502 45.211971
95.519395 45.214459
94.539242 45.010265
93.72811 44.944023
93.167167 44.96379
92.752885 44.982419
91.896933 44.980825
91.339647 44.987127
90.964901 45.100917
90.551385 45.476744
90.290314 45.99918
90.211339 46.320965
89.833064 46.834008
89.191879 47.123846
88.356748 47.447625
88.019037 47.636791
87.473053 47.797349
86.990076 47.986577
86.403014 48.22015
85.839684 48.398235
85.351612 48.608336
84.988622 48.831912
84.576219 49.077318
>
91.343071 45.002869
91.778381 44.511038
92.355137 44.058817
92.781905 43.931524
93.141019 43.851072
93.463945 43.715347
93.760851 43.548072
93.978088 43.416045
94.365378 42.970072
94.914706 42.661842
95.681092 42.315542
96.439436 41.882038
97.050301 41.490793
97.789862 41.062
98.411724 40.608257
99.333298 39.894832
99.580598 39.724283
>
94.10431 43.262899
93.81307 43.362231
93.559445 43.469943
93.202221 43.564779
92.523402 43.668788
92.117028 43.667084
91.824169 43.704279
91.246557 43.677446
90.919013 43.708099
90.570892 43.810701
90.211825 43.759774
89.757431 43.731747
89.52503 43.735319
89.170084 43.909537
88.890556 44.006184
88.523 44.122015
88.230016 44.154972
87.849703 44.110356
87.51011 44.0555
87.219072 44.102473
87.066984 44.156254
86.85768 44.201858
86.664424 44.220535
86.498433 44.202937
86.285395 44.235079
86.13577 44.277905
85.973361 44.270863
85.865804 44.299637
85.75285 44.322114
85.647557 44.34111
85.569072 44.378781
85.438893 44.378608
85.314532 44.362165
85.105803 44.376269
84.917954 44.399612
84.654968 44.466074
84.426873 44.447259
84.292283 44.370536
84.119941 44.37276
83.992796 44.406314
83.821223 44.448609
83.554464 44.524336
83.297631 44.572786
83.139677 44.640132
82.99505 44.652279
82.942508 44.618902
82.98289 44.517214
83.055284 44.375717
82.976004 44.244863
82.850678 44.127891
82.879117 44.035545
82.799626 43.927566
82.68905 43.869569
82.401205 43.773143
82.164342 43.686418
81.526413 43.632955
81.102997 43.612942
80.483054 43.498835
80.069592 43.446763
79.673283 43.397189
79.153767 43.376696
78.728549 43.330203
77.896851 43.257832
76.89169 43.143587
76.369231 43.052278
75.733245 42.833781
75.176728 42.736669
74.858448 42.779546
74.482278 42.797567
73.936068 42.68302
73.603574 42.735943
73.205172 42.796116
72.782425 42.808984
>
73.691063 39.806612
73.869099 39.867563
74.387151 39.960671
74.788016 40.006148
75.264361 40.005395
75.705919 40.111123
76.222367 40.208671
76.681484 40.354145
77.262725 40.580463
77.726061 40.761282
78.043323 40.956129
78.501396 41.119085
78.809871 41.25751
79.176588 41.445909
79.595676 41.626521
80.152786 41.671716
80.659761 41.772086
81.13075 41.875316
81.579117 42.035994
81.917487 42.120462
82.350354 42.236309
82.65305 42.324049
83.147646 42.283288
83.359069 42.146599
83.897674 42.265251
84.498747 42.215022
84.787708 42.219965
85.330252 42.204793
85.623869 42.372562
86.109727 42.497458
86.695117 42.48547
87.312141 42.590197
87.683688 42.639149
87.823762 42.864359
88.241882 43.108649
88.893035 43.235873
89.690509 43.230177
90.118275 43.154289
90.691473 43.24868
91.106498 43.344033
91.447041 43.390325
92.036329 43.430684
92.382205 43.387467
92.603133 43.490715
91.715844 43.576945
91.101903 43.55713
90.686197 43.587642
90.259848 43.653239
89.8577 43.569881
89.462011 43.587136
89.015137 43.772361
88.704044 43.914339
88.332733 43.957819
87.989977 43.852923
87.709676 43.785285
87.430284 43.716477
87.150892 43.656269
86.859868 43.664877
86.198794 43.795946
85.500747 43.889643
84.940688 43.992683
84.533078 44.019891
84.022714 43.885824
83.667105 43.728267
83.146605 43.626855
82.248224 43.523664
81.528713 43.426103
80.920728 43.322664
80.245241 43.219229
79.705774 43.081859
79.034952 42.946003
78.473877 42.797083
77.946504 42.762481
77.728976 42.801088
77.229767 42.705336
76.548197 42.625734
76.138229 42.504396
75.511093 42.3857
75.063274 42.389504
74.483462 42.343278
73.563816 42.217978
72.936417 42.190705
72.67685 42.099351
72.544861 42.048161
72.374006 41.999236
72.185827 41.988668
71.878144 42.083567
71.447128 42.168031
71.024434 42.192151
70.490818 42.057559
69.955976 41.825049
69.74596 41.774875
>
94.845347 42.703815
94.48925 42.765343
94.229931 42.83568
93.814618 42.974797
93.497122 43.062112
92.976825 43.186488
92.483906 43.26251
91.988504 43.273868
91.679013 43.245577
91.124104 43.082575
90.778259 42.996839
90.49064 42.893305
90.200309 42.864154
89.937414 42.800636
89.70747 42.867373
89.328018 42.961679
89.022255 42.864625
88.789008 42.879023
88.476955 42.804878
88.18051 42.681918
87.878122 42.468776
87.525151 42.309551
87.10661 42.302546
86.617764 42.29476
86.273396 42.22196
86.028735 42.115244
85.632187 42.043966
85.211571 41.99237
84.893468 42.047626
84.683008 42.046238
84.283872 41.982985
83.931456 41.889313
83.38215 41.806477
83.011779 41.808669
82.510638 41.69338
81.726523 41.451811
81.356178 41.410633
81.241284 41.347187
80.799023 41.352868
80.53893 41.385064
80.371543 41.321839
80.23918 41.17617
80.103986 40.91378
79.877158 40.745907
79.243492 40.469119
78.987869 40.253486
78.408929 39.984223
78.068905 39.926361
77.938231 39.945705
77.68774 39.844218
77.353913 39.811742
76.962302 39.828445
76.742713 39.849724
76.3341 39.677974
76.01477 39.541341
75.846738 39.418224
75.662715 39.394152
>
99.187164 36.796697
98.997077 36.860131
98.836691 36.860323
98.656454 36.844473
98.52606 36.876964
98.372341 36.83661
98.053173 36.83367
97.794588 36.879893
97.596228 36.904974
97.292095 36.945808
96.905698 36.862613
96.669462 36.970845
96.451197 37.064056
96.125649 37.085192
95.711926 37.181033
95.373076 37.464679
95.124048 37.706593
94.897538 37.912192
94.469553 38.183808
94.253778 38.402871
93.956239 38.598793
93.571018 38.718652
93.14904 38.960281
>
102.164724 29.583241
102.004352 29.894938
101.77732 30.276034
101.55694 30.570294
101.229747 30.881002
100.976393 31.171674
100.416048 31.524211
100.002461 31.614149
99.823588 31.611426
99.304661 31.925487
98.945496 32.140772
98.530048 32.312559
97.937999 32.539908
97.56699 32.688312
96.742951 33.084812
96.300979 33.353708
96.056511 33.575244
95.511976 33.726947
95.27147 33.817495
94.97022 34.076037
94.571202 34.28342
94.031725 34.41369
93.143039 34.631653
92.540828 34.771813
91.912188 34.806213
91.341788 34.986829
90.724796 35.210445
90.200924 35.253449
89.560668 35.356653
89.0135 35.442661
88.349948 35.416861
87.698044 35.365257
87.519251 35.314765
86.233499 35.123751
85.667134 35.031657
85.084926 34.990251
84.439954 34.88552
83.420015 34.866792
82.60938 34.791681
82.084652 34.719836
81.229021 34.725021
80.51247 34.65784
79.574399 34.929289
79.08925 35.200794
78.629404 35.371753
78.329553 35.621854
77.925849 35.88441
77.490616 36.14504
77.05613 36.232126
76.09643 36.687669
>
82.803755 36.261087
82.994367 36.285026
83.642371 36.284465
84.447701 36.281301
84.993111 36.278113
85.485506 36.361615
85.846731 36.429643
86.399652 36.542612
86.87317 36.55115
87.396606 36.676196
87.905166 36.654146
88.530566 36.649512
89.146626 36.632674
90.032047 36.378849
90.644445 36.231914
91.17672 36.107673
91.867083 35.948556
92.357876 35.893806
92.899616 35.819294
93.360583 35.744352
93.864671 35.760458
94.561735 35.761132
95.269633 35.784051
95.849547 35.72664
96.532756 35.702547
97.117124 35.602833
97.597448 35.552176
98.217603 35.401691
98.768323 35.279217
99.367365 34.914735
99.583847 34.710356
99.898305 34.57112
100.126834 34.459741
100.454929 34.373376
101.058669 34.265234
101.409121 34.253684
101.783402 34.137944
102.053582 34.061483
102.419059 34.031933
102.926551 34.0149
103.453352 33.960973
103.689077 33.887024
103.830112 33.84489
>
76.084383 36.692821
76.692434 36.070598
77.125228 35.71768
77.558023 35.318322
77.6516 35.002552
77.827057 34.714644
78.049303 34.343151
78.224759 34.058266
78.451363 33.940422
78.676872 33.839263
79.326557 33.78612
79.820723 33.61666
80.122937 33.385318
80.596077 33.257555
81.020619 33.214614
81.425253 33.051164
81.932497 32.954417
82.334927 32.882589
82.795952 32.682458
83.194798 32.606965
83.724382 32.333941
84.155857 32.19667
84.535854 32.129173
84.886062 32.121589
85.219198 32.250517
85.701832 32.194515
86.031222 32.020771
86.384672 31.86387
87.030046 31.863741
87.286302 31.681725
87.852696 31.478614
88.203527 31.304207
88.484236 31.21715
88.772566 31.272189
88.951942 31.385949
89.165486 31.454205
89.669446 31.340445
89.942782 31.257021
90.171824 31.259634
90.427932 31.34105
90.777172 31.452994
91.15571 31.249437
91.580424 31.26981
92.09264 30.995026
92.523368 30.89325
93.10544 30.720242
93.867932 30.583301
94.589692 30.385485
95.055356 30.230677
95.451164 30.024261
95.853666 29.771899
96.195346 29.544611
96.455485 29.396946
>
99.338087 28.12287
99.247079 28.701555
99.133666 29.139561
99.009489 29.650808
99.112359 30.000546
99.304439 30.317736
99.246231 30.498988
99.141463 30.79604
98.821327 31.143444
98.460447 31.737548
98.204335 32.115156
97.907483 32.553184
>
92.359043 30.930484
91.836528 30.903426
91.615344 30.67953
91.347574 30.575515
91.030632 30.524338
90.638751 30.283518
90.380645 30.051084
90.237801 29.96369
89.925702 30.066333
89.806118 30.362109
89.199654 30.468285
89.020278 30.665469
88.849438 30.604797
88.547868 30.505893
88.541934 30.665469
88.670062 30.862653
88.403568 30.949622
88.189348 30.960324
87.398217 31.088102
87.064206 31.211517
86.842126 31.211517
86.671294 31.059837
86.533916 30.961725
86.382572 31.039133
86.336012 31.254149
86.28691 31.385949
86.111455 31.491476
85.535741 31.525004
85.032493 31.61793
84.562723 31.890442
84.109521 31.957044
83.638974 32.136757
83.440861 32.226197
83.135006 32.364277
82.669671 32.248698
82.353847 32.269378
82.075822 32.553877
81.757295 32.796738
81.570143 33.024226
>
78.239199 34.066323
79.131266 33.170321
79.449599 32.762499
79.669421 32.561294
79.983636 32.190688
80.224914 31.839834
80.435774 31.481073
80.757885 31.150457
81.234084 30.896718
81.70019 30.793539
81.869359 30.526443
82.400901 30.308715
82.812855 29.983709
83.098948 29.756413
83.598156 29.373265
83.998054 29.196617
84.644747 28.984993
85.438024 28.764071
85.769412 28.577842
85.974002 28.649758
86.342032 28.565157
86.541423 28.422738
86.728577 28.515802
87.208159 28.567506
87.512285 28.474442
87.676045 28.340018
87.883263 28.426758
88.178985 28.271042
88.668583 28.301462
88.875062 28.306853
89.11423 28.200677
89.196675 28.084456
89.237611 27.986392
89.360435 28.01736
89.455902 28.140005
89.800338 28.283027
90.02958 28.238061
90.25883 28.193093
90.805502 28.155173
91.34363 28.056581
91.734951 28.029806
91.919104 27.946066
92.061134 27.995909
92.145092 28.143383
92.317386 28.367525
92.592876 28.481167
92.966946 28.500173
93.531848 28.583467
94.111154 28.605171
94.58949 28.726387
94.726162 28.983979
94.914074 29.180955
95.306994 29.423395
95.788764 29.826445
>
98.699159 28.50463
98.928695 28.071166
99.045655 27.595506
99.209415 27.047462
99.150935 26.385674
99.162631 25.992738
99.338087 25.486058
99.515993 25.190281
99.373175 24.762228
99.408279 24.038398
99.653911 23.428312
100.075015 22.91129
100.601383 22.508013
100.856237 22.232779
100.788551 21.928948
100.472743 21.215458
100.180295 20.398566
100.051623 19.767798
100.367463 18.516606
100.320679 17.968562
100.1455 17.569467
100.215399 17.234394
100.262183 16.458866
100.203687 16.04525
100.518845 15.040575
>
109.00798 15.042338
108.964871 15.62129
108.555463 16.055586
108.087559 16.520906
107.643079 17.006906
107.069927 17.616994
106.789191 18.123674
106.449959 18.754438
106.227719 19.10601
106.379783 20.098694
106.192647 20.388226
>
96.916791 27.957422
96.940183 27.740274
97.045447 27.316314
97.178259 26.893337
97.122146 26.319917
97.066075 25.964397
96.869982 25.51713
96.6319 25.127204
96.239795 24.645532
96.086295 24.203845
96.004407 23.304227
95.969319 22.321885
96.004407 21.46363
96.016103 20.719118
96.168167 19.778138
96.273447 19.023286
96.437207 18.495926
96.495687 17.710058
96.390407 17.05861
96.285143 16.427842
96.285143 15.735034
96.387593 15.003562
>
99.808015 15.083619
99.653911 15.672994
99.490151 16.179674
99.572039 16.57261
99.560343 16.965546
99.513543 17.255074
99.45286 17.506553
99.572039 17.875498
99.864487 18.216738
100.005381 18.512009
99.958055 18.888862
99.724103 19.436906
99.700695 19.757458
99.782599 20.01597
99.817703 20.284822
99.981447 20.905246
99.981447 21.70146
100.039943 22.228821
99.958055 22.621758
99.557559 22.953944
99.23559 23.160375
99.081642 23.447085
98.955705 23.791137
98.745753 24.066378
98.549805 24.364556
98.52188 24.754482
98.493938 25.05266
98.704089 25.798105
98.764935 26.313294
98.870199 26.72691
98.870199 27.16121
98.835111 27.554146
98.54665 27.969338
98.460807 28.340018
98.370685 28.509708
98.344007 28.562033
>
103.897 35.0346
103.71 35.1128
103.505 35.166
103.505 35.166
103.269 35.2251
102.999 35.425
102.593 35.6721
102.113 35.8101
101.678 35.9811
101.295 36.1305
100.975 36.1718
100.719 36.2648
100.156 36.3499
99.9977 36.3854
99.6603 36.5337
99.2699 36.7566
98.9148 36.9336
98.7214 37.1241
98.444 37.3149
98.1643 37.3772
97.8354 37.4184
97.4819 37.4165
97.291 37.4377
97.1142 37.4362
96.9511 37.4757
96.7715 37.4893
96.5858 37.4781
96.2628 37.476
95.9501 37.5303
95.6691 37.5794
95.4589 37.7481
95.1521 37.9215
94.8717 38.1135
94.6766 38.243
94.3926 38.49
94.1218 38.6659
93.7855 38.745
93.2006 38.9283
92.9205 39.0771
92.6246 39.1581
#
东北亚地块
13 0 52;0 51 0;9 18 0;21 0 0;22 0 0
东北
21 0 47;0 5 0;9 18 0
兴安-东蒙
13 0 52;0 51 8;22 36 0
#
华北地块
10 18 0;2 92 0;14 6 0;1 18 0
鄂尔多斯
2 57 25;24 0 33
华北平原
18 0 28;2 22 9;19 0 19;2 84 64
鲁东-黄海
20 0 18;2 8 0;14 6 0;1 18 0;10 18 0;2 93 91
#
华南地块
14 0 6;2 0 18;6 2 62;7 19 24;17 0 5;16 5 0;1 27 19
华南
14 0 6;2 0 18;6 2 62;7 19 24;11 19 1;1 27 19
南海
17 0 5;16 5 0;11 1 18
#
西域地块
12 58 0;3 103 0;15 1 3
萨彦
12 11 33;25 0 26
阿尔泰
25 26 0;12 34 36;26 32 0;12 2 11
阿拉善
12 1 0;3 103 76;27 16 0;26 16 0
塔里木
27 14 9;30 0 56;3 13 74
天山
29 0 91;12 53 58;15 3 0;3 1 5
准噶尔
27 7 1;26 17 32;12 37 48;28 72 0
#
青藏地块
4 120 14;34 1 7;37 1 53;34 50 52;5 13 10;7 0 14
祁连
4 85 51;42 39 0
柴达木
42 0 15;31 0 22;42 38 39;4 50 31;33 2 42;4 87 86
巴彦喀拉
33 42 0;4 30 14;32 48 0;4 101 87
羌糖
35 0 11;32 13 48;34 0 52;5 13 10
拉萨
34 49 44;36 0 38;34 15 7;37 1 53
川滇
32 0 11;35 11 0;5 9 0;7 10 14;4 120 103
#
滇缅地块
39 0 10;7 24 0;5 10 13;40 0 21;41 0 0;38 24 24
滇南
39 0 10;7 24 0;5 10 11;38 1 24
滇西
41 0 34;5 12 13;40 0 21 
